RF2_top = -25.0000000075
RF2_bot = 25.0000000075
