RF2_top = -33.6538463831
RF2_bot = 33.6538463831
