RF1_top = 1.13231886132
RF1_bot = -1.13231886134
