RF2_top = 7.06521793641
RF2_bot = -7.06521793641
