RF2_top = -4.95572313666
RF2_bot = 4.95572313666
