RF2_top = 5.25859780423
RF2_bot = -5.25859780423
