RF1_top = 7.06521793641
RF1_bot = -7.06521793641
