RF2_top = -502.244329691
RF2_bot = 502.244329691
