RF2_top = 35.8486294672
RF2_bot = -35.8486294672
