RF2_top = -823.867414713
RF2_bot = 823.867414713
