RF2_top = -4186.4006052
RF2_bot = 4186.4006052
