RF1_top = 11.5849594837
RF1_bot = -11.5849595536
