RF2_top = 37.1701479033
RF2_bot = -37.1701479033
