RF2_top = 13.4828433394
RF2_bot = -13.4828433394
