RF2_top = 15.8907234706
RF2_bot = -15.8907234706
