RF2_top = -1509.13038254
RF2_bot = 1509.13038254
