RF1_top = 3.50875162799
RF1_bot = -3.50875162345
