RF2_top = -20.0739547536
RF2_bot = 20.0739547536
